WGBS_1	WGBS_2	WGBS_3	MBDBS_1	MBDBS_2	MBDBS_3	RRBS_1	RRBS_2	RRBS_3
16.1937079.1937081	2.73972602739726	3.06748466257669	1.35746606334842	0	0	9.67741935483871	8.44444444444444	5.16129032258065	14.963707426019
16.1937098.1937100	5.45454545454545	3.65853658536585	13.3640552995392	5.37634408602151	2.40963855421687	7.36842105263158	17.2566371681416	9.70873786407767	18.4709821428571
16.1937128.1937130	1.45454545454545	0.543478260869565	0.956937799043062	0	0	1.26582278481013	9.29203539823009	7.44336569579288	20.9577464788732
16.1937244.1937246	7.67386091127098	3.8961038961039	7.47422680412371	6.93069306930693	3.84615384615385	4.83870967741935	6.10156754309057	4.06982925428991	5.43457872209812
16.1937251.1937253	7.26392251815981	8.06451612903226	9.20096852300242	8.7378640776699	3.75	10.2941176470588	6.59933042047324	5.67251461988304	6.36530871032845
16.1937253.1937255	10.0238663484487	8.2018927444795	11.9266055045872	10.7843137254902	7.05882352941176	11.1111111111111	9.98286001079535	7.48370107668458	8.31885834951126
16.1937307.1937309	2.55813953488372	1.69014084507042	1.95121951219512	0.632911392405063	2.63157894736842	5.22875816993464	1.77239957827148	1.15978288525146	1.86539118551418
16.1937326.1937328	3.125	3.35365853658537	12.0603015075377	2.61437908496732	3.50877192982456	11.9205298013245	9.93900867623056	3.24812608110705	5.25450123357422
16.1937356.1937358	1.25	0.366300366300366	1.39442231075697	1.63934426229508	1.16279069767442	1.6260162601626	1.27176770948443	0.920762547010764	1.5562415022232
16.1939229.1939231	1.45631067961165	1.94489465153971	2.14669051878354	0	2.35294117647059	3.24324324324324	14.0562248995984	12.7272727272727	5.05836575875486
16.1939252.1939254	1.35635018495684	1.14754098360656	2.94642857142857	1.34529147982063	1.79640718562874	2.1505376344086	0.467289719626168	3.13725490196078	1.70827858081472
16.1939280.1939282	5.63564875491481	3.1413612565445	6.73624288425047	5.58139534883721	6.2111801242236	6.21468926553672	6.14035087719298	5.73770491803279	5.9445178335535
16.1939287.1939289	6.74002751031637	7.40072202166065	6.15530303030303	6.16113744075829	4.54545454545455	6.62983425414365	4.54545454545455	3.41880341880342	5.05464480874317
16.1939289.1939291	8.59060402684564	7.93650793650794	8.84030418250951	8.53080568720379	7.05128205128205	9.89010989010989	8.62944162436548	6.17283950617284	7.61154855643045
16.1943241.1943243	2.5830258302583	2.78884462151394	0.728597449908925	0.78125	4	2.35294117647059	0.943238731218698	0.687580575848732	1.3009540329575
16.1943307.1943309	2.29226361031519	1.35135135135135	2.63157894736842	0	0	3.65853658536585	3.43219918658863	4.10573678290214	5.96816976127321
16.1943874.1943876	0.518134715025907	1.35593220338983	2.69360269360269	1.55038759689922	4	2.9585798816568	2.01091025778158	1.60820417200792	1.60315374507227
16.1943893.1943895	3.48837209302326	3.39622641509434	10.2941176470588	2.52100840336134	10	10.8974358974359	11.9537302345325	4.05813953488372	6.98743073388296
305.721666.721668	1.5625	1.5625	0.985221674876847	1.28205128205128	0	1.69491525423729	2.5	5.31914893617021	8.62068965517241
305.721729.721731	0.632911392405063	4.51127819548872	2.8	3.33333333333333	4.05405405405405	3.7037037037037	2.5	1.0752688172043	1.16959064327485
305.721740.721742	5.76923076923077	2.4	3.1496062992126	1.21951219512195	3.75	2	4.34782608695652	1.06382978723404	4.06976744186047
305.723558.723560	2.77777777777778	2.47933884297521	4.67289719626168	3.94736842105263	1.78571428571429	5.45454545454545	1.55440414507772	1.33333333333333	1.98412698412698
305.723569.723571	3.09278350515464	0.961538461538462	1.5	0	1.96078431372549	0	3.58974358974359	4.69798657718121	4.36507936507936
653.446147.446149	1.06951871657754	2.18579234972678	2.38907849829352	1.01010101010101	1.35135135135135	4.6875	1.875	1.0989010989011	3.2520325203252
653.446187.446189	5.61797752808989	2.45398773006135	3.20284697508897	5.81395348837209	4.83870967741935	3.03030303030303	4.375	3.26086956521739	6.61157024793388
653.446198.446200	3.27868852459016	0.606060606060606	4.54545454545455	2.32558139534884	3.07692307692308	7.8125	3.82165605095541	1.0989010989011	5
653.448304.448306	0.72202166064982	0.956937799043062	0.712589073634204	0.793650793650794	0	2.02020202020202	3.10880829015544	2.10084033613445	4.47761194029851
653.448316.448318	0.8	1.88679245283019	1.25944584382872	0	2.1505376344086	0	1.0126582278481	1.20967741935484	1.40845070422535
653.448323.448325	2.89256198347107	2.29357798165138	2.72952853598015	1.6	5.49450549450549	2.32558139534884	3.28282828282828	1.59362549800797	4.7887323943662
653.448353.448355	1.22448979591837	0	0.53475935828877	0	0	2.40963855421687	0.510204081632653	0.401606425702811	1.13314447592068
653.448404.448406	1.18343195266272	0	2.30769230769231	0	1.96078431372549	3.63636363636364	4.55696202531646	1.97628458498024	3.67231638418079
763.4011.4013	1.75438596491228	3.3175355450237	0.373134328358209	0.952380952380952	2.1505376344086	0	3.79485252677062	3.62682481751825	3.55453439654007
763.4039.4041	2.75590551181102	1.79372197309417	1.77935943060498	0	0	0	0.564800806858295	0.290074410392231	0.459737087852884
763.4049.4051	1.58730158730159	2.5974025974026	1.74216027874564	0.952380952380952	1.85185185185185	1.2987012987013	0.423045930701048	0.452944136889784	0.451710045171004
763.4064.4066	0.749063670411985	2.29357798165138	2.27272727272727	0.943396226415094	4	1.23456790123457	0.413139862958484	0.30188679245283	0.537364763201261
1125.105428.105430	2.39043824701195	0	0.50125313283208	0	0	0	0.531914893617021	0.546448087431694	0.854700854700855
1125.105476.105478	1.89393939393939	2.08333333333333	1.55440414507772	1.04166666666667	0	0	0.518425108589043	0.423056583818086	0.829550790421036
1125.105494.105496	1.17647058823529	0.638977635782748	2.00400801603206	1.52671755725191	2.94117647058824	2.35294117647059	0.481903004203835	0.668501769563508	0.702708829196418
1125.105516.105518	1.00250626566416	0	0.986842105263158	0	0	0	0.50193453937049	0.361881785283474	0.763888888888889
1125.105553.105555	1.0230179028133	2.43243243243243	0.853242320819113	0	2.9126213592233	0.943396226415094	0.482595749050211	0.590667454223272	0.714934180662733
1125.105562.105564	1.03626943005181	1.36239782016349	1.02389078498294	0.675675675675676	0.961538461538462	0.909090909090909	0.537301095267617	0.375642546461052	0.843689431079694
1125.105583.105585	0.900900900900901	1.57728706624606	0.6	0	0	3.2258064516129	4.42828816920026	3.54330708661417	5.65594930767425
1125.105590.105592	0.589970501474926	1.91082802547771	0.804828973843058	0.769230769230769	1.12359550561798	0	4.21052631578947	8.94308943089431	14.7058823529412
1239.235972.235974	3.79746835443038	3.28467153284672	3.14685314685315	1.05263157894737	3.2258064516129	3.84615384615385	0.55347635865268	0.551132884262094	0.88773043215473
1239.236012.236014	1.51975683890578	1.25	1.66204986149584	2.67857142857143	0	0	4.55559095253265	4.05602037104402	4.70567906923166
1239.236102.236104	3.66666666666667	2.5	1.6548463356974	3.06122448979592	1.38888888888889	0	0.367518375918796	0.622126048147146	0.579014263522101
1239.236118.236120	1.04529616724739	1.98675496688742	1.96560196560197	3.09278350515464	0	0	0.436833828411672	0.6765899864682	0.565530892124982
1239.236878.236880	0.33003300330033	0.595238095238095	0.302114803625378	1.11111111111111	0	0	0.371496116176967	0	0.520663846404165
1239.236916.236918	0.335570469798658	0.292397660818713	1.25391849529781	0	0	0	0.506072874493927	0.419287211740042	0.90820629257217
1239.236927.236929	1.35135135135135	0.589970501474926	2.84810126582278	0	0	1.88679245283019	0.505731625084289	0.628930817610063	0.648508430609598
1239.236945.236947	1.83823529411765	0.311526479750779	1.88087774294671	0.980392156862745	1.36986301369863	0	4.08014571948998	2.53878702397743	3.8323782234957
1548.10732.10734	99.2537313432836	83.3333333333333	95.049504950495	91.1764705882353	95.9349593495935	97.9166666666667	97.9301423027167	90.0735294117647	97.7639751552795
1729.119896.119898	0.766283524904215	0.784313725490196	0.338983050847458	1.69491525423729	2.02020202020202	0	3.53982300884956	2.04081632653061	3.88888888888889
1729.119908.119910	1.8957345971564	1.01010101010101	0	0	0	0	0	0.680272108843537	0
1729.119915.119917	3.98009950248756	1.53061224489796	3.16205533596838	2.1505376344086	5.40540540540541	0	2.52100840336134	0.680272108843537	1.09289617486339
1729.119945.119947	3.71900826446281	1.99004975124378	2.54545454545455	0	0	0	2.52100840336134	0.680272108843537	0
1729.120011.120013	2.04081632653061	1.09289617486339	1.83150183150183	1.98019801980198	1.19047619047619	3.63636363636364	2.52100840336134	0	1.64835164835165
1729.120044.120046	3.2258064516129	2.41935483870968	2.51798561151079	2.5	2.22222222222222	0	5.08474576271186	0	1.86915887850467
1729.120240.120242	0	0.649350649350649	2.62172284644195	0	0	4.47761194029851	2.4390243902439	0	1.0752688172043
1729.120279.120281	1.91387559808612	0.641025641025641	2.84697508896797	0.917431192660551	4.3010752688172	2.77777777777778	4.16666666666667	0	6.48648648648649
1729.120290.120292	1.44230769230769	2.11267605633803	4.16666666666667	4.90196078431373	4.70588235294118	1.44927536231884	2.5	0	2.17391304347826
2032.97395.97397	0.806451612903226	0.806451612903226	0	0	0	0	0.641349761822391	0.375192406362237	0.927774801538986
2032.98769.98771	0	0.625	0	0	0	1.96078431372549	1.1505389366598	0.756059595285746	1.43465237269431
2032.98998.99000	0	0.8	1.81818181818182	0	0	0	0.641812175554507	0.75968992248062	1.14795918367347
2374.3735.3737	12.5628140703518	6.56565656565657	7.45341614906832	18.4615384615385	40.9090909090909	19.047619047619	5.61240310077519	4.44370197126629	7.90878214459001
2374.4489.4491	36.4406779661017	30.8823529411765	32.2033898305085	67.2268907563025	75.5725190839695	69.6969696969697	26.2039660056657	27.3255813953488	25.8445945945946
2374.4496.4498	32.6388888888889	20.1342281879195	31.1827956989247	60.4651162790698	75	63.6363636363636	23.1311706629055	20.8092485549133	27.2881355932203
2374.4499.4501	19.6078431372549	15.4362416107383	20.7253886010363	58.1395348837209	62.6666666666667	52.5	14.0845070422535	10.4046242774566	18.135593220339
2374.4503.4505	26.5822784810127	26.1437908496732	31.6326530612245	64.0845070422535	73.8853503184713	69.8795180722892	22.2849083215797	16.1849710982659	23.8175675675676
2374.4505.4507	28.3236994219653	27.2727272727273	28.7037037037037	68.2119205298013	76.3313609467456	62.7906976744186	23.2294617563739	17.4418604651163	22.3350253807107
2374.4516.4518	9.47867298578199	12.1827411167513	9.54356846473029	30.8571428571429	44.6700507614213	35.3535353535354	5.60224089635854	7.42857142857143	6.04575163398693
2374.4521.4523	11.7647058823529	9.04761904761905	8.59375	36.2068965517241	52.7093596059113	40.1869158878505	6.00558659217877	7.42857142857143	10.5090311986864
2374.4528.4530	7.16981132075472	6.91056910569106	5.30035335689046	28.8557213930348	41.9491525423729	24.1666666666667	4.88145048814505	8.98876404494382	5.55555555555556
2374.4532.4534	9.52380952380952	7.42049469964664	8.49673202614379	26.4069264069264	41.3284132841328	24.6376811594203	5.16039051603905	6.17977528089888	8.13008130081301
2374.4538.4540	16.8067226890756	14.7058823529412	17.0940170940171	47.9553903345725	69.5384615384615	50.6172839506173	12.621359223301	13.5593220338983	14.2394822006472
2374.4543.4545	14.0664961636829	9.67741935483871	12.2715404699739	40.6474820143885	62.1468926553672	40.2439024390244	8.18307905686546	10.1694915254237	12.6805778491172
2374.4545.4547	18.8775510204082	14.4	21.259842519685	46.9534050179211	67.4863387978142	54.4378698224852	15.1178918169209	12.3595505617978	15.4093097913323
2374.4554.4556	8.2687338501292	4.3010752688172	7.5	30.6513409961686	31.6353887399464	20.4968944099379	3.88888888888889	5.0561797752809	6.95102685624013
2374.4557.4559	18.6351706036745	14.945652173913	20.5405405405405	48.2490272373541	66.4	51.2048192771084	13.6300417246175	12.5	14.4904458598726
2374.4562.4564	12.3737373737374	7.85340314136126	10.1063829787234	36.1623616236162	53.4031413612565	37.1428571428571	7.76699029126214	8.06451612903226	10.9230769230769
2374.4565.4567	20.1995012468828	15.0259067357513	25	49.1039426523297	70.843989769821	56.3218390804598	14.7222222222222	12.8342245989305	18.140243902439
2374.4567.4569	20.3517587939699	13.9473684210526	24.6031746031746	48.7179487179487	69.8453608247423	56.8047337278106	14.6814404432133	12.0879120879121	16.3297045101089
2374.4573.4575	8.33333333333333	4.27927927927928	6.16438356164384	24.9190938511327	38.8235294117647	26.6666666666667	5.85774058577406	11.1702127659574	11.0438729198185
2374.4585.4587	12.5813449023861	7.17592592592593	16.7053364269142	29.2763157894737	35.8910891089109	32.972972972973	19.2554557124519	18.4873949579832	17.4267100977199
2374.4592.4594	3.68763557483731	4.94117647058824	6.29370629370629	17.2757475083056	21.5736040609137	16.5775401069519	10.7033639143731	5.78512396694215	2.62008733624454
2374.4608.4610	12.5	8.12807881773399	16.3814180929095	40.1433691756272	37.5	41.1764705882353	27.217125382263	19.8347107438017	17.3913043478261
2374.4613.4615	14.218009478673	9.16030534351145	15.5940594059406	39.1941391941392	40.8163265306122	43.6363636363636	26.6871165644172	21.4876033057851	16.1572052401747
2374.4642.4644	11.8243243243243	3.690036900369	10.1973684210526	30.5084745762712	44.6009389671362	33.3333333333333	9.78593272171254	9.91735537190083	20
2374.4644.4646	12.9251700680272	6.08365019011407	12.1212121212121	27.810650887574	46.4454976303318	36.7816091954023	10.7361963190184	10.7438016528926	20.8695652173913
2374.4646.4648	11.8466898954704	7.1969696969697	13.9931740614334	35.672514619883	46.4114832535885	40.2173913043478	19.2660550458716	11.5702479338843	20.6140350877193
2374.4650.4652	8.39160839160839	5.79150579150579	10.6896551724138	28.8343558282209	43.7810945273632	38.8888888888889	11.0429447852761	9.91735537190083	24.3478260869565
2374.4653.4655	15.9468438538206	8.21428571428571	15.527950310559	32.3529411764706	52.3148148148148	43.6170212765957	24.4648318042813	19.8347107438017	27.8260869565217
2374.4662.4664	15.5339805825243	10.5072463768116	17.4454828660436	44.5121951219512	54.0284360189573	45.2631578947368	29.9694189602446	23.1404958677686	32.9004329004329
2374.4667.4669	15.2777777777778	11.0236220472441	20.7119741100324	47.3333333333333	55.026455026455	56.3218390804598	39.6923076923077	26.4462809917355	36.2068965517241
2374.4679.4681	16.5354330708661	13.5371179039301	23.9700374531835	51.7543859649123	66.9064748201439	59.1549295774648	49.6969696969697	44.1666666666667	41.3793103448276
2374.4684.4686	22.0532319391635	22.5108225108225	30.8550185873606	63.2478632478633	77.3049645390071	68.75	70.0906344410876	58.1967213114754	56.8376068376068
2374.4694.4696	26.5060240963855	20.4651162790698	30.3501945525292	64.6017699115044	69.0476190476191	68.0555555555556	49.812734082397	33.4261838440111	35.8208955223881
2374.4698.4700	28.099173553719	26.3414634146341	34.5098039215686	77.2727272727273	74.0157480314961	67.6056338028169	49.1649966599866	40.3486924034869	43.4301521438451
2374.4705.4707	18.75	19.5876288659794	24.5901639344262	60.7476635514019	68.595041322314	61.6438356164384	29.2421193829645	22.5404732254047	19.8060941828255
2374.4708.4710	6.88073394495413	10.2564102564103	8.13008130081301	50.9259259259259	45.9016393442623	42.4657534246575	13.1313131313131	9.9502487562189	9.10354412786657
2374.4713.4715	22.8855721393035	21.7647058823529	30.8411214953271	62.7450980392157	69.6078431372549	65.2173913043478	38.8029589778077	24.159402241594	27.9360667129951
2374.4717.4719	11.1111111111111	18.1818181818182	18.0487804878049	72.2222222222222	57.1428571428571	56.6666666666667	25.0336473755047	19.9252801992528	14.5239749826268
2374.4719.4721	14.0350877192982	21.8543046357616	27.6041666666667	68.8888888888889	65.2631578947368	66.1290322580645	32.8850033624748	23.4706616729089	21.6122307157748
2374.4726.4728	13.6363636363636	15.3846153846154	19.4594594594595	55.0561797752809	45.2631578947368	56.4516129032258	18.1022880215343	11.1111111111111	10.9103544127867
2374.4734.4736	16.2790697674419	14.7887323943662	14.207650273224	72.4137931034483	40.8602150537634	51.6129032258064	22.7916385704653	16.9787765293383	14.9441340782123
2374.4737.4739	21.7647058823529	20	25.1366120218579	68.9655172413793	60.4395604395604	47.6190476190476	31.6891891891892	17.8973717146433	19.916142557652
2374.4746.4748	11.4457831325301	16.9014084507042	13.7931034482759	52.9411764705882	39.1304347826087	40.6779661016949	18.7118644067797	13.1086142322097	12.858141160028
2374.4750.4752	6.91823899371069	13.8686131386861	11.875	52.9411764705882	43.2098765432099	41.8181818181818	14.3631436314363	6.11735330836454	8.88111888111888
2374.4754.4756	3.01204819277108	3.57142857142857	2.35294117647059	31.7647058823529	16.2790697674419	12.5	4	1.62297128589263	2.51748251748252
2374.4761.4763	7.05128205128205	8.27067669172932	7.69230769230769	46.5116279069767	37.9746835443038	26.9230769230769	9.21409214092141	4.8689138576779	6.08817354793562
2374.4785.4787	9.86842105263158	11.0236220472441	10.5263157894737	58.8235294117647	52	54.9019607843137	13.509843856076	10.2372034956305	14.4055944055944
2374.4788.4790	8.66666666666667	12.5984251968504	14.8387096774194	53.5714285714286	52.5641025641026	40.3846153846154	9.45578231292517	7.625	12.4475524475524
2374.4792.4794	3.57142857142857	4.20168067226891	5.55555555555556	11.6279069767442	23.6842105263158	13.2075471698113	2.78532608695652	1.24843945068664	3.14685314685315
2374.4796.4798	3.17460317460317	3.96039603960396	2.38095238095238	21.7391304347826	25.6756756756757	25	2.8493894165536	1.87265917602996	3.91882435269419
2374.4811.4813	9.375	8.24742268041237	3.47826086956522	25.2631578947368	40.2597402597403	33.3333333333333	4.29740791268759	3.00375469336671	5.76652601969058
2374.4814.4816	9.9236641221374	6.66666666666667	4.0650406504065	36.734693877551	39.2857142857143	32.7586206896552	5.85034013605442	3.24594257178527	6.59649122807018
2374.4819.4821	10.15625	11.4285714285714	8.94308943089431	51	51.1904761904762	44.2622950819672	47.9381443298969	59.2592592592593	47.6190476190476
2374.4823.4825	10.6870229007634	13.5922330097087	14.0495867768595	52.7777777777778	65.1162790697674	43.75	30.0675675675676	30	34.3234323432343
2374.4828.4830	20.3007518796992	23.8095238095238	21.6	77.2727272727273	74.4444444444444	69.1176470588235	62.5	55.7142857142857	55.9210526315789
2374.4835.4837	8.45070422535211	18.75	15.0375939849624	66.9565217391304	64	60.5263157894737	40.2684563758389	54.4117647058824	47.1760797342193
2374.4840.4842	9.52380952380952	18.4873949579832	16.9014084507042	62.1848739495798	61.1650485436893	43.0379746835443	33.2179930795848	51.4705882352941	41.5282392026578
2374.4842.4844	8.10810810810811	17.3553719008264	13.5714285714286	55.7377049180328	62.037037037037	32.0987654320988	34.4594594594595	51.4705882352941	37.5415282392027
2374.4845.4847	11.8421052631579	18.6991869918699	18.1208053691275	71.4285714285714	65.4867256637168	63.0952380952381	48.3108108108108	63.2352941176471	50.8305647840532
2374.4857.4859	14.5569620253165	20	18.125	62.6865671641791	55.1181102362205	55.2941176470588	44.2622950819672	60	56.5916398713826
2374.4861.4863	11.0429447852761	14.7286821705426	14.1975308641975	52.8985507246377	43.609022556391	42.6966292134831	45.5737704918033	62.8571428571429	43.312101910828
2374.4867.4869	19.047619047619	20.3007518796992	19.6531791907514	73.8255033557047	67.6258992805755	60	19.3625260649389	14.6556798116539	18.0809077454366
2374.4870.4872	8.18713450292398	9.62962962962963	7.22222222222222	37.9746835443038	28.9655172413793	32.9787234042553	5.45658577640623	3.72429127292941	5.50560413844069
2374.4877.4879	20.7920792079208	18.4210526315789	23.7864077669903	68.8524590163934	67.032967032967	68.2539682539683	19.9325747998314	15.4038301415487	18.4692998646487
2374.4879.4881	13.3971291866029	12.5827814569536	14.218009478673	51.5625	53.475935828877	50.381679389313	11.7622318799944	9.70604547975596	11.6510826771654
2374.4884.4886	9.85915492957746	9.86842105263158	9.38967136150235	26.4423076923077	31.7708333333333	26.4705882352941	6.2359865470852	5.04434589800443	6.50756550621233
2374.4887.4889	11.304347826087	10.8974358974359	18.5185185185185	34.4036697247706	36.7647058823529	31.6546762589928	8.30294530154278	5.46160243970058	7.42336575156962
2374.4898.4900	8.48056537102473	3.10880829015544	7.59075907590759	17.4242424242424	22.2222222222222	17.9775280898876	5.51346801346801	3.74168514412417	5.73992133726647
2374.4902.4904	14.873417721519	12.6168224299065	17.8674351585014	27.7591973244147	31.5068493150685	23.469387755102	7.01163932127331	4.49126698087053	6.9364161849711
2374.4905.4907	15.527950310559	14.1552511415525	18.1303116147309	43.7299035369775	52.5423728813559	50.5	17.6437587657784	11.9700748129676	15.5558288243974
2374.4912.4914	18.429003021148	12.962962962963	20.0564971751412	46.0567823343849	58.3333333333333	50.9615384615385	15.9747545582048	11.4990302022721	16.1603738777518
2374.4916.4918	10.5263157894737	11.5740740740741	9.03954802259887	39.2405063291139	40.0630914826498	38.755980861244	8.47124824684432	6.14958448753463	9.05627918407471
2374.4921.4923	8.35734870317003	5.99078341013825	6.8241469816273	30.1408450704225	33.4285714285714	34.9344978165939	5.43005472148169	3.91123439667129	5.98500675924788
2374.4927.4929	9.65909090909091	9.43396226415094	6.18556701030928	30.835734870317	44.6280991735537	27.4261603375527	7.51890426594379	4.09720259960441	8.37981744421907
2374.4930.4932	8.40336134453782	5.85585585585586	6.35696821515892	21.9718309859155	34.8773841961853	20.6611570247934	4.66095746174365	2.41599555678978	6.37720488466757
2374.4943.4945	18.8271604938272	14.0776699029126	11.8483412322275	47.6744186046512	52.8767123287671	41.7004048582996	11.1921458625526	7.26164079822616	12.6582278481013
2374.4946.4948	11.9601328903654	13.6585365853659	10.6481481481481	52.2099447513812	37.9194630872483	42.9718875502008	10.7653490328007	6.18070953436807	10.4694092827004
2374.4958.4960	7.75862068965517	3.92156862745098	5.29661016949153	18.7845303867403	31.6708229426434	15.3543307086614	2.60540691973666	1.74708818635607	5.20884520884521
2374.4965.4967	25.8855585831063	15.7205240174672	14.9590163934426	56.019656019656	69.2671394799054	52.3809523809524	13.0609097918273	12.8712871287129	19.1716218987082
2374.4971.4973	7.25552050473186	3.57142857142857	3.6281179138322	19.8391420911528	34.8837209302326	18.2879377431907	3.35639629029884	5.0682261208577	8.63910822108686
2374.4978.4980	12.3745819397993	5.49450549450549	4.17633410672854	35.2112676056338	45.2574525745257	23.046875	3.9570461900559	5.0974025974026	11.7660710141564
2374.4981.4983	11.5131578947368	4.83870967741935	4.58715596330275	29.9450549450549	41.1616161616162	17.4074074074074	3.46199175014732	4.64436505358883	10.3416221240995
2374.4984.4986	15.1202749140893	6.87830687830688	5.34883720930233	41.7789757412399	49.2227979274611	31.1355311355311	5.5743990561864	7.90500975927131	13.9334729006746
2374.4986.4988	14.1414141414141	6.95187165775401	3.92609699769053	41.6216216216216	49.3573264781491	31.4079422382671	4.88810365135453	7.92465086066905	13.9308103087996
2374.4988.4990	10	1.55440414507772	4.32801822323462	14.1711229946524	43.3583959899749	27.4368231046931	2.7671474830733	1.39701104613385	10.6827682303762
2374.4990.4992	8.94039735099338	4.12371134020619	2.46636771300448	30.4582210242588	48.0916030534351	29.3286219081272	2.91347851677457	3.86363636363636	9.9023709902371
2374.5003.5005	13.8075313807531	7.33333333333333	7.97101449275362	44.6308724832215	54.6583850931677	35.3909465020576	5.32587906429307	5.79238529124634	12.003714882749
2374.5007.5009	16	8.9041095890411	9.92555831265509	53.2374100719424	55.9485530546624	40	9.46423314689432	7.3123171920702	15.1740139211137
2374.5010.5012	11.0132158590308	4.82758620689655	5.8968058968059	26.241134751773	50.7987220447284	38.8429752066116	6.1065332548558	3.37662337662338	11.2349117920149
2374.5015.5017	19.9134199134199	15.2777777777778	9.60591133004926	62.3188405797101	68.4210526315789	45.6066945606695	9.7341211225997	10.2372440688983	18.8446307943163
2374.5031.5033	18.4466019417476	10.958904109589	12.0689655172414	61.1111111111111	64.2405063291139	44.017094017094	11.480718280836	11.0100682039623	16.0585637927028
2374.5034.5036	40.5940594059406	26.3888888888889	24.5	85.3046594982079	87.1794871794872	67.9324894514768	34.4211182706298	21.7278337122442	32.6551117809596
2374.5038.5040	28.5714285714286	17.5182481751825	18.0203045685279	72.5274725274725	74.7474747474748	58.974358974359	51.1502029769959	61.4310645724258	63.7305699481865
2374.5055.5057	17.910447761194	7.75862068965517	9.0032154340836	52.0547945205479	49.3273542600897	45.9016393442623	25.3052917232022	29.3706293706294	31.028522039758
2374.5059.5061	38.4	31.8181818181818	38.1578947368421	89.7560975609756	90.9952606635071	77.9761904761905	74.8811948404616	73.7762237762238	74.263431542461
2374.5066.5068	26.5625	18.1818181818182	17.2881355932203	77.1428571428571	77.6744186046512	59.8837209302326	41.4237288135593	50.8741258741259	52.4179620034542
2374.5071.5073	31.7073170731707	17.1171171171171	19.2307692307692	79.5	82.2966507177033	60.8433734939759	46.3364993215739	48.951048951049	57.426597582038
2374.5078.5080	30.9734513274336	25.7731958762887	33.6	79.8913043478261	86.9318181818182	76.027397260274	61.9144602851324	54.7202797202797	62.4352331606218
2374.5082.5084	16.6666666666667	21.505376344086	2.11864406779661	67.816091954023	48.4662576687117	24.2647058823529	16	51.7482517482517	36.5284974093264
2374.5085.5087	32.3529411764706	22.2222222222222	25.1063829787234	77.1604938271605	85.7142857142857	73.8805970149254	62.1273166800967	56.2171628721541	61.0815602836879
2374.5089.5091	34.3283582089552	21.8181818181818	27.8350515463918	75.5905511811024	80.5309734513274	67.9611650485437	72.2938144329897	70.6070287539936	78.6743515850144
2374.5375.5377	37.7358490566038	14.84375	9.28270042194093	61.1111111111111	59.0909090909091	27.4193548387097	39.6396396396396	75.4098360655738	62.3076923076923
2374.5379.5381	35.8490566037736	22.0472440944882	16.9491525423729	72.3577235772358	68.8888888888889	36.0655737704918	52.60663507109	78.6885245901639	71.7557251908397
2374.5386.5388	49.0196078431373	24	22.9787234042553	73.9837398373984	69.2307692307692	45.1612903225806	20.5060622034792	98.5074626865672	48.6725663716814
2374.5390.5392	30.188679245283	19.53125	8.67768595041322	57.7235772357724	56.5217391304348	30.7692307692308	7.90722192936215	64.1791044776119	29.4985250737463
2374.5393.5395	38.8888888888889	17.0731707317073	10.5485232067511	66.1290322580645	64.1304347826087	37.3134328358209	10.0526315789474	71.6417910447761	38.9380530973451
2374.5413.5415	26.4150943396226	19.6581196581197	15.929203539823	56	61.1764705882353	31.1475409836066	12.5525210084034	47.7611940298507	36.9822485207101
2374.6528.6530	30.0970873786408	25.4385964912281	33.112582781457	41.0714285714286	65.8119658119658	54.5454545454545	71.2355212355212	71.9354838709677	75.9305210918114
2374.6533.6535	35.7142857142857	24.1379310344828	30.9192200557103	44.6969696969697	60.2836879432624	40	39.0905886499824	24.4897959183673	42.7277062470196
2374.6536.6538	31.8897637795276	23.8970588235294	28.3783783783784	41.7910447761194	61.1111111111111	52.6315789473684	27.8251599147122	15.8591975775927	28.1167108753316
2374.6558.6560	29.4117647058824	20.9549071618037	26.25	31.390134529148	51.7543859649123	48.8188976377953	19.8849104859335	10.3252647503782	20.7069219440353
2374.6574.6576	34.3373493975904	26.5135699373695	33.8662790697674	36.3970588235294	61.1721611721612	52.1739130434783	28.8979068774028	18.3023872679045	30.5785123966942
2374.6595.6597	10.467706013363	7.58620689655172	9.67238689547582	15.1020408163265	25.8196721311475	22.5352112676056	8.72812633376014	4.61771385314156	7.6423723812334
2374.6603.6605	12.5290023201856	6.42857142857143	10.8196721311475	17.8723404255319	29.5833333333333	26.8115942028986	8.17328211694409	4.12878787878788	7.89473684210526
2374.6607.6609	12.0283018867925	8.63309352517986	10.2006688963211	23.9316239316239	31.0924369747899	20.5882352941176	9.65678959710083	5.4903445664521	9.79289940828402
2374.6613.6615	13.7019230769231	6.79611650485437	9.64467005076142	15.0862068965517	26.7241379310345	17.910447761194	9.74413646055437	4.20454545454545	9.6182302456348
2374.6632.6634	7.69230769230769	6.23145400593472	12.3732251521298	13	22.2222222222222	27.1028037383178	8.53606487409304	4.6229632436529	8.06164789567279
2374.6650.6652	5.69620253164557	6.43086816720257	8.47826086956522	11.7647058823529	14.1104294478528	23.9130434782609	6.00042707666026	3.44958301743745	5.36137440758294
2374.6676.6678	8.0188679245283	5.11627906976744	10.7843137254902	12.9032258064516	25.2525252525253	14.2857142857143	6.93154826171453	2.99884659746251	7.2263868065967
2374.6690.6692	18	13.4328358208955	17.5438596491228	22.7272727272727	51.063829787234	28.0701754385965	12.4385552468476	6.71217292377702	14.8644623175454
2374.6824.6826	31.0861423220974	20.4347826086957	34.2391304347826	50.4132231404959	60.3448275862069	54.5454545454545	23.2912723449001	12.372304199773	19.9727732399844
2374.6841.6843	13.2911392405063	7.77777777777778	9.63597430406852	31.0344827586207	44.4444444444444	29.3333333333333	6.71323905264951	4.28173838578463	9.24988055422838
2374.6861.6863	18.5483870967742	11.0778443113772	14.7163120567376	35	53.6082474226804	26.0416666666667	9.14971486935058	6.07977696761741	11.5134099616858
2374.6889.6891	22.3350253807107	13.8418079096045	19.5945945945946	41.6216216216216	57.487922705314	44.1176470588235	14.4336020364871	8.34224598930481	14.1833810888252
2374.6896.6898	26.1780104712042	12.094395280236	23.826714801444	40.1129943502825	61.6161616161616	50	17.0533293160591	10.4884218719595	14.2658557775847
2374.6900.6902	13.031914893617	6.44171779141104	11.5241635687732	30.635838150289	48.4375	28.5714285714286	35.515873015873	43.2098765432099	51.7647058823529
2374.6906.6908	15.4385964912281	8.49420849420849	13.8823529411765	38.6861313868613	52.5316455696203	47.7611940298507	36.0236220472441	39.1025641025641	41.3385826771654
2374.6912.6914	23.3870967741935	14.1025641025641	15.2849740932642	43.6507936507937	64.8275862068966	50.8196721311475	41.6498993963783	47.2222222222222	52.0661157024793
2374.6916.6918	13.2	6.41025641025641	15.0127226463104	28.4552845528455	40.2777777777778	32.7586206896552	21.6867469879518	19.5804195804196	27.8008298755187
2374.6927.6929	17.7570093457944	11.9617224880383	16.9096209912536	37.6146788990826	53.3333333333333	38.9830508474576	33.5341365461847	26.5734265734266	29.8755186721992
2374.6938.6940	13.1707317073171	10.4477611940299	9.96884735202492	33.6538461538462	49.1228070175439	25	19.6787148594378	11.8055555555556	23.9669421487603
2374.6944.6946	25.2577319587629	18.5929648241206	21.8354430379747	45.0980392156863	64.6017699115044	44.6428571428571	42.020202020202	25	43.6974789915966
2374.6952.6954	28.3422459893048	13.4020618556701	21.523178807947	47.5247524752475	63.302752293578	47.2727272727273	42.0523138832998	24.822695035461	42.3236514522822
2374.7209.7211	29.8136645962733	18.6813186813187	32.4561403508772	51.3888888888889	64.3835616438356	52.9411764705882	16.1157024793388	16.9642857142857	18.5606060606061
2374.7212.7214	21.9512195121951	16.6666666666667	27.6859504132231	38.3561643835616	62.6666666666667	45.0980392156863	30.6077348066298	29.6523517382413	37.8737541528239
2374.7230.7232	30.8755760368664	24.6808510638298	32.8313253012048	45	65.979381443299	42.3076923076923	57.2687224669604	67.0731707317073	63.18407960199
2374.7238.7240	33.0677290836653	23.6559139784946	34.3669250645995	47.8991596638655	68.9075630252101	44.5652173913044	29.4819557625146	25.5834434169969	25.1432664756447
2374.7245.7247	36.1111111111111	30.4195804195804	43.4010152284264	51.219512195122	74.5901639344262	58.695652173913	30.9995247901156	20.7372229760289	25.8271701050993
2374.7247.7249	33.8709677419355	28.8732394366197	42.0103092783505	53.2786885245902	75.4237288135593	54.9450549450549	29.9935979513444	18.8273018781493	23.7371744277822
2374.7257.7259	6.89655172413793	6.71641791044776	7.12328767123288	22.6890756302521	28.5714285714286	17.5	4.15082382762991	2.94250792213671	3.09579439252336
2374.7270.7272	17.5355450236967	9.2	17.1014492753623	32.7102803738318	48.0392156862745	39.2405063291139	12.0186136071887	6.79678530424799	10.3898674055017
2374.7280.7282	16.9082125603865	14.1666666666667	18.562874251497	37.7551020408163	50.5154639175258	40.7894736842105	15.3614457831325	8.27101744844777	11.2473243821755
2374.7296.7298	19.4630872483221	11.9318181818182	16.8	34.6153846153846	56.5789473684211	43.859649122807	14.4961977186312	6.77236693091733	10.4750778816199
2374.7301.7303	16.1971830985915	13.4502923976608	16.3934426229508	39.4736842105263	55.5555555555556	38.1818181818182	10.6393129770992	6.41200545702592	9.16536661466459
2374.7670.7672	6.3953488372093	6.31578947368421	5.27383367139959	10	13.1578947368421	16.3934426229508	5.16080777860883	2.61016949152542	4.21559191530318
2374.7674.7676	9.42857142857143	12.8472222222222	17.2344689378758	4.8780487804878	18.4210526315789	21.3114754098361	12.0149953139644	6.99015948422124	8.6220169361047
2374.7678.7680	13.6752136752137	15.625	18.4738955823293	18.75	22.0779220779221	23.3333333333333	14.9035761093428	9.80325644504749	12.2016936104696
2374.7687.7689	4.59459459459459	3.04054054054054	4.9800796812749	1.16279069767442	7.79220779220779	3.17460317460317	3.47663551401869	1.93548387096774	3.26985958838238
2374.7690.7692	6.06060606060606	3.02013422818792	5.14851485148515	6.81818181818182	11.3924050632911	8.47457627118644	4.21506182090671	1.38983050847458	3.94306597422581
2374.7695.7697	3.53260869565217	2.66666666666667	2.82828282828283	4.65116279069767	11.3924050632911	10.1694915254237	2.35955056179775	1.28726287262873	2.76976341604155
2374.7706.7708	13.6612021857923	11.1821086261981	11.9460500963391	17.7777777777778	17.7215189873418	13.7931034482759	11.1256789660985	6.89538043478261	9.41764366711513
2374.7726.7728	23.9766081871345	22.2950819672131	26.0960334029228	23.9583333333333	25	37.5	19.3820224719101	12.4915139171758	16.0092360977487
2374.8213.8215	28.7925696594427	24.907063197026	28.2828282828283	23.6641221374046	38.6666666666667	29.3103448275862	17.9039301310044	17.5965665236052	16.2642947903431
2374.8228.8230	17.1253822629969	11.7437722419929	8.3969465648855	11.0294117647059	17.9775280898876	9.375	4.05701754385965	8.75	6.48854961832061
2374.8237.8239	12.5786163522013	6.07142857142857	7.04960835509138	11.4503816793893	17.9775280898876	4.76190476190476	5.68927789934355	3.3195020746888	6.99745547073791
2374.8249.8251	28.3154121863799	16.3793103448276	19.2660550458716	18.6440677966102	33.3333333333333	17.8571428571429	11.0382513661202	10.3734439834025	9.46291560102302
2374.8253.8255	36.8231046931408	26.6094420600858	26.5432098765432	23.728813559322	39.4366197183099	40.7407407407407	18.6681222707424	16.6666666666667	14.5408163265306
2374.8263.8265	43.609022556391	32.258064516129	34.9673202614379	31.4285714285714	47.0588235294118	34	27.4423710208562	15.3526970954357	17.0700636942675
2374.8287.8289	42.7480916030534	27.3148148148148	40.133779264214	37.2549019607843	57.8947368421053	41.1764705882353	23.4460196292257	15.3526970954357	22.264631043257
2374.8396.8398	34.5132743362832	25.1184834123223	39.3063583815029	31.0810810810811	55.1724137931034	52	31.8181818181818	21.9582850521437	24.8392282958199
2374.8427.8429	49.1803278688525	33.3333333333333	50.828729281768	35	74.1935483870968	53.7037037037037	37.6460994835553	30.8670520231214	31.950762643832
2374.8438.8440	24.5210727969349	19.1780821917808	27.1505376344086	28.4090909090909	51.6129032258064	37.9310344827586	17.4633351439435	12.5362739408009	14.6028349826157
2374.8452.8454	43.3333333333333	35.8139534883721	46.045197740113	46.9879518072289	69.8412698412698	50.7936507936508	32.5088339222615	30.6004618937644	28.1509232004281
2374.8474.8476	19.2	13.3333333333333	27.1186440677966	34.4827586206897	48.4375	32.258064516129	15.2889134641968	13.8390272148234	10.9463467241844
2374.8494.8496	47.2972972972973	35	51.6717325227964	45.4545454545455	58.6206896551724	55.5555555555556	29.0179806362379	25.7971014492754	25.7073565076799
2374.8501.8503	65.1376146788991	54.1871921182266	71.4733542319749	64	82.7586206896552	66	47.9832372970141	34.2375667899712	37.8177551818537
2374.8525.8527	33.2179930795848	18.6147186147186	25	40	57.7464788732394	31.7460317460317	23.4885467517837	20.315734989648	23.7864665294758
2374.8534.8536	8.89570552147239	4.83870967741935	6.76328502415459	5.20833333333333	22.972972972973	14.2857142857143	6.22036791200455	5.53958714397701	8.52588656863957
2374.8546.8548	36.5325077399381	24.2677824267782	33.3333333333333	28.8888888888889	53.3333333333333	38.2352941176471	28.6647382663059	20.3359173126615	25.3972075108329
2374.8553.8555	55.2486187845304	49.4545454545455	66.1399548532731	59.4339622641509	63.265306122449	81.8181818181818	59.094304388422	47.0390483579002	42.2358751957595
2374.8556.8558	64.0102827763496	51.0204081632653	66.0980810234542	57.8947368421053	76.1904761904762	82.2784810126582	60.8099281515349	48.3178053830228	49.4276418845644
2374.8563.8565	65.9259259259259	55.2380952380952	70.4225352112676	62.3931623931624	72.972972972973	78.3132530120482	64.2563527653214	49.2633755492375	53.1656234954261
2374.8615.8617	27.1084337349398	18.8811188811189	28.978622327791	27.1739130434783	42.8571428571429	49.3150684931507	26.8957788569294	18.2642487046632	25.1474659925364
2374.8619.8621	32.8267477203647	18.3745583038869	26.8115942028986	35.5555555555556	40.2298850574713	30.5555555555556	24.8856956237753	16.8955688002073	26.2910798122066
2374.8632.8634	45.8646616541353	27.5	40.6593406593407	42.2535211267606	59.4594594594595	52.3809523809524	34.9738513261113	28.6566390041494	36.647384912027
2374.9421.9423	9.05923344947735	2.06185567010309	4.85436893203883	4.47761194029851	6.41025641025641	5	4.45032886307338	2.39209568382735	6.41707168894289
2374.9427.9429	7.66666666666667	2.98507462686567	4.84988452655889	2.85714285714286	5.61797752808989	5	3.2282728740124	2.23260643821392	5.93714502082544
2374.9440.9442	5.01567398119122	1.8348623853211	5.56745182012848	6.66666666666667	11.9565217391304	1.51515151515152	3.07326598183207	1.81723779854621	4.77272727272727
2374.9463.9465	4.03726708074534	0.917431192660551	5.19480519480519	1.36986301369863	4.16666666666667	0	2.75797691785472	2.1968517557516	3.54921886849689
2374.9728.9730	3.51758793969849	0.632911392405063	2.88184438040346	2.10526315789474	1.61290322580645	2	0.99046221570066	0.453857791225416	2.01725604569206
2374.9768.9770	2.44897959183673	2.51256281407035	1.53846153846154	0	0	0	5.15667406859117	3.63057324840764	5.32503457814661
2374.10708.10710	3.88349514563107	9.52380952380952	3.06513409961686	5.40540540540541	1.81818181818182	1.96078431372549	2.20245658619229	6.65916338398049	2.83305693753455
2374.10711.10713	2.9126213592233	3.3175355450237	3.1496062992126	5.19480519480519	0	3.92156862745098	1.65067720090293	4.56081081081081	2.47203424941306
2374.10723.10725	1.79372197309417	0	1.11940298507463	0	0	3.50877192982456	0.887699027758208	1.03131445715357	1.62893429044727
2374.11569.11571	3.00546448087432	3.02114803625378	1.67910447761194	3.7593984962406	3.40909090909091	0	7.27272727272727	0	2.73972602739726
2374.11579.11581	1.53452685421995	3.44827586206897	1.09689213893967	2.25563909774436	0	0	0.896860986547085	0	3.13111545988258
2374.11590.11592	2.26757369614512	2.03562340966921	1.32231404958678	0.65359477124183	1.98019801980198	0	4.5045045045045	3.05343511450382	2.13592233009709
2374.11594.11596	1.57657657657658	1.2531328320802	0.658978583196046	0.636942675159236	0.961538461538462	1.31578947368421	2.66666666666667	0	2.33009708737864
2374.11600.11602	2.94784580498866	6.85279187817259	2.48344370860927	9.09090909090909	3.77358490566038	7.69230769230769	6.36182902584493	5.37240537240537	5.73314801945796
2374.11631.11633	23.7864077669903	55.0684931506849	30.1470588235294	60	34.4444444444444	31.6455696202532	35.9210274103891	57.5702956020187	28.1153676794364
2374.11643.11645	6.37254901960784	31.9672131147541	8.58208955223881	32.5925925925926	14.4444444444444	7.59493670886076	7.28006146753746	29.9602457535237	6.77290836653386
2374.11648.11650	9.4147582697201	36.2359550561798	11.5384615384615	38.5826771653543	14.8148148148148	14.1025641025641	10.8745684695052	34.7512617159337	11.1968260965396
2374.11706.11708	34.4444444444444	31.25	29.3650793650794	41.1111111111111	54.5454545454545	34.4262295081967	31.603229527105	37.9659790083243	41.0193634542622
2374.11713.11715	26.8482490272374	25	19.1549295774648	28.4090909090909	41.3793103448276	18.0327868852459	18.5277724389775	24.9637155297533	26.2605979473449
2374.11716.11718	38.4615384615385	30.5676855895197	34.7701149425287	42.5287356321839	51.7857142857143	30	27.3479599692071	29.2859731786879	37.2103386809269
2374.11719.11721	23.4817813765182	17.1945701357466	17.1339563862928	16.6666666666667	41.3793103448276	18.3333333333333	17.9649932679361	19.3408185440058	27.7975925100312
2374.11725.11727	25.3456221198157	15.8469945355191	16.7224080267559	35.7142857142857	33.3333333333333	14.0350877192982	18.0381029590596	18.7428571428571	22.3887587822014
2374.11731.11733	10.2459016393443	7.07964601769912	10.6707317073171	7.86516853932584	21.0526315789474	10.9375	7.20322704571648	4.82279868469127	12.4777580071174
2374.11856.11858	53.1120331950208	52.1311475409836	42.3976608187134	58.695652173913	64.6153846153846	36.3636363636364	37.7782078575576	41.5459673730752	44.2540510337121
2374.11858.11860	50.6122448979592	51.9230769230769	41.7647058823529	60.8695652173913	63.6363636363636	43.1034482758621	38.7340301974448	41.0779537149817	44.0267956829178
2374.11864.11866	31.390134529148	32.3432343234323	21.1480362537764	33.0882352941176	38.8059701492537	24.0740740740741	21.6936641377896	23.4753857457752	34.4110854503464
2374.11911.11913	42.0353982300885	29.7945205479452	34.8082595870207	35.8778625954198	52.1739130434783	46.7741935483871	22.780332507959	11.8817945184505	20.6303724928367
2374.11971.11973	79.7385620915033	73.8578680203046	73.8544474393531	73.6559139784946	86.9158878504673	86.1111111111111	95.5223880597015	78.1754574811625	76.8370607028754
2374.12003.12005	84.6607669616519	88.0095923261391	75.6626506024096	84.5410628019324	86.5546218487395	69.0476190476191	65.6716417910448	84.9757673667205	88.5852090032154
2374.29337.29339	37.2549019607843	12.5	16.5137614678899	60.377358490566	64.7727272727273	36.4864864864865	18.9356435643564	13.3879781420765	26.7002518891688
2374.29340.29342	52	21.4285714285714	29.6296296296296	70.5128205128205	70.6521739130435	76.7123287671233	32.3493234932349	19.6452933151432	36.272040302267
2374.29343.29345	37.2549019607843	18.3673469387755	23.1481481481481	62.5806451612903	58.695652173913	45.2054794520548	23.9852398523985	12.9604365620737	29.2191435768262
2374.29348.29350	30	21.1111111111111	47.5247524752475	82.5503355704698	58.2417582417582	76.3888888888889	58.6715867158672	29.331514324693	33.8383838383838
2374.29352.29354	46	23.4042553191489	36.2745098039216	76.1904761904762	77.5280898876404	61.1111111111111	43.5424354243542	22.5102319236016	37.3737373737374
2374.29562.29564	20.3703703703704	7.69230769230769	17.3267326732673	46.6076696165192	42.1052631578947	43.6046511627907	15.1997401753816	6.7944742035523	20.4322200392927
2374.29565.29567	7.14285714285714	8.92018779342723	9.80392156862745	32.2674418604651	30.8724832214765	29.4797687861272	11.143599740091	3.98305084745763	12.8683693516699
2374.29578.29580	26.5625	16.4383561643836	26.2626262626263	47.6839237057221	51.8072289156626	44.8863636363636	20.4227642276423	8.51183765501691	27.843137254902
2374.29581.29583	30.5555555555556	15.625	25.4901960784314	54.6632124352332	59.2814371257485	55.5555555555556	20.5710577547047	8.67361306674176	29.8434442270059
2374.29593.29595	20.253164556962	8.58369098712446	14.4278606965174	38.3084577114428	44.2528735632184	29.9465240641711	10.0616682895164	4.84097945398255	24.2424242424242
2374.29600.29602	34.1176470588235	16.6666666666667	28.4313725490196	59.1133004926108	68.8235294117647	55.6149732620321	19.7559366754617	9.81218857799923	17.6623376623377
2374.29606.29608	11.7647058823529	7.84313725490196	10.6741573033708	33.2432432432432	34.7222222222222	18.1818181818182	4.24339471577262	3.7886687521724	5.54225111187136
2374.29613.29615	14.7058823529412	11.7948717948718	8.28402366863905	47.6584022038568	41.958041958042	20.979020979021	5.59105431309904	5.25217391304348	6.19438740588638
2374.29616.29618	9.72222222222222	6.80628272251309	4.8780487804878	41.7827298050139	35.6643356643357	19.4244604316547	5.20416333066453	3.68695652173913	5.41095890410959
2374.29619.29621	22.2222222222222	14.2857142857143	6.70731707317073	56.5217391304348	47.1014492753623	20.5882352941176	5.69366479550922	5.84144645340751	7.74237752655019
2374.29621.29623	14.2857142857143	13.2978723404255	8.48484848484848	54.5977011494253	44.8529411764706	20.7692307692308	5.11590727418066	6.32823365785814	7.01334245638043
2374.29623.29625	6.52173913043478	4.39024390243902	2.9585798816568	7.41758241758242	13.768115942029	18.5185185185185	3.03756994404476	1.46086956521739	3.69483407458091
2374.29625.29627	7.4468085106383	8.61244019138756	2.90697674418605	38.9189189189189	33.3333333333333	18.1818181818182	4.71622701838529	4.10863509749304	5.30821917808219
2374.29638.29640	3.84615384615385	9.28270042194093	4.10958904109589	44.375	44.6153846153846	21.978021978022	6.16	6.3304347826087	6.94491960314745
2374.29642.29644	12.5	11.304347826087	10.7913669064748	48.5530546623794	47.5409836065574	18.6046511627907	11.84	7.54782608695652	9.95212038303694
2374.29645.29647	7.9136690647482	5.26315789473684	5.79710144927536	18.7898089171975	42.9752066115703	25.609756097561	7.99360511590727	3.09672929714683	9.49777929620772
2374.29650.29652	16.9014084507042	11.353711790393	21.5384615384615	58.974358974359	61.6	38.3561643835616	17.2661870503597	10.2992345163535	14.6224803553126
2374.29658.29660	25.4658385093168	17.9166666666667	27.1186440677966	72.5239616613419	70.4545454545455	64.6153846153846	29.4070512820513	16.5795889933821	23.4871794871795
2374.29666.29668	12.987012987013	12.4444444444444	14.5454545454545	57.3476702508961	47.3214285714286	38.9830508474576	10.6655974338412	10.0208768267223	10.5263157894737
2374.29669.29671	35.4838709677419	21.875	36.1111111111111	76.9784172661871	72.5663716814159	71.1864406779661	99.0804597701149	90.4397705544933	96.728307254623
2374.29673.29675	24.6753246753247	16.2162162162162	28.5714285714286	63.1768953068592	59.8214285714286	62.5	47.1153846153846	65.4427645788337	59.9112426035503
2374.30010.30012	11.5671641791045	11.3300492610837	10.752688172043	36.8421052631579	27.5229357798165	32.6923076923077	9.56905327451646	5.89328378019644	6.22852233676976
2374.30014.30016	12.5	10.8374384236453	18.1372549019608	34.4827586206897	30.0884955752212	32.0754716981132	12.2067324039442	6.66135881104034	7.22063037249284
2374.30021.30023	21.1538461538462	16	27.3170731707317	49.5495495495495	43.4782608695652	58	15.6631762652705	8.6442220200182	9.84484669375693
2374.30025.30027	16.1290322580645	6.09137055837563	11.9402985074627	26.605504587156	32.7272727272727	38	8.33333333333333	4.516711833785	8.21494749845584
2374.31025.31027	17.1428571428571	10.9756097560976	14.7982062780269	23.8805970149254	40.3225806451613	31.3725490196078	24.0663900414938	34.9056603773585	30.9782608695652
2374.31041.31043	32.620320855615	34.3434343434343	42.8571428571429	59.0909090909091	60.5263157894737	68.8524590163934	88.9632107023411	94.5454545454545	87.5
2374.31050.31052	12.3076923076923	9.85221674876847	17.4377224199288	25.8064516129032	48.0519480519481	28.5714285714286	42.258064516129	29.1666666666667	28.755364806867
2374.31055.31057	26.9035532994924	25.2380952380952	29.757785467128	44.6808510638298	53.0120481927711	53.5211267605634	21.3084378563284	14.2188085425253	19.0483668341709
2374.31060.31062	10.1010101010101	7.61904761904762	9.6551724137931	20.6521739130435	28.75	25	4.66077537058153	3.83679580759873	6.138147566719
2374.31064.31066	11.734693877551	6.63507109004739	6.94444444444444	31.5217391304348	25	27.536231884058	10.6114526043352	7.06521739130435	9.98900581121407
2374.31077.31079	12.9032258064516	8.91089108910891	9.73782771535581	29.5454545454545	44.5945945945946	31.25	8.17430931358587	6.9636840134781	11.0971590017266
2374.31080.31082	11.2994350282486	7.89473684210526	9.9236641221374	26.5060240963855	36.6197183098592	13.3333333333333	5.72894399315947	5.50871275997752	8.37786859478152
2374.33276.33278	28.0632411067194	22.6775956284153	15.681233933162	28.8732394366197	30.8641975308642	21.2121212121212	26.4018691588785	14.6201413427562	35.4114713216958
2374.33287.33289	25.9493670886076	20.8037825059102	15.4166666666667	25.8620689655172	33.3333333333333	14.9425287356322	23.1155778894472	16.6947723440135	20.8333333333333
2374.33299.33301	10.2409638554217	10.5386416861827	3.2258064516129	12.9213483146067	12.3893805309735	4.34782608695652	15.1515151515152	4.07358738501971	13.7299771167048
2374.33309.33311	21.551724137931	16.5116279069767	8.53174603174603	23.9130434782609	26.0504201680672	12.7659574468085	23.7006237006237	7.87057280279843	33.2589285714286
2374.33315.33317	30.2702702702703	22.5	16.2962962962963	26.4550264550265	31.4516129032258	21.8181818181818	8.97949563987745	9.46755994358251	11.6664365594367
2374.33325.33327	18.1578947368421	15.4185022026432	8.71985157699443	18.716577540107	15.702479338843	11.9266055045872	4.64696734059098	6.08017545997319	8.91333632689717
2374.33336.33338	18.2561307901907	9.56719817767654	8.33333333333333	15.606936416185	19.6581196581197	6.60377358490566	4.1435948485037	6.5050554269704	8.83431908362656
2374.33341.33343	10.0271002710027	4.77272727272727	3.32681017612524	9.30232558139535	6.95652173913043	3.77358490566038	1.35656502800249	1.86494392979035	4.46956651942802
2374.33366.33368	29.5918367346939	16.5644171779141	16.6259168704156	16.40625	31.1827956989247	31.25	15.2313344542001	16.5264586160109	23.2948583420776
2374.33380.33382	20.2429149797571	19.6261682242991	9.80392156862745	31.496062992126	27.5862068965517	20.2898550724638	8.17241808894979	14.6976175931582	15.0029976019185
2374.33385.33387	10.7569721115538	10.625	5.26315789473684	19.1304347826087	13.5802469135802	7.69230769230769	3.25112107623318	8.87096774193548	10.1820633850303
2374.33401.33403	10	5.80204778156997	3.24675324675325	13.0841121495327	7.46268656716418	1.81818181818182	1.44530276601047	3.1395064744686	4.09418116376725
2374.33757.33759	56.5217391304348	40.7407407407407	38.2422802850356	48.2142857142857	58.974358974359	64	33.9043824701195	32.6383896477354	40.7488986784141
2374.33762.33764	45.7364341085271	32.258064516129	20.5128205128205	44.1666666666667	55	15.3846153846154	20.533227218464	23.9224137931034	30.1637279596977
2374.33872.33874	29.020979020979	15.4135338345865	36.9020501138952	19.1666666666667	31.4285714285714	34.3283582089552	34.4517675254643	14.234363767074	26.4566929133858
2374.33881.33883	18.3150183150183	10.4	23.4597156398104	16.1904761904762	10.7692307692308	14.9253731343284	17.9896290386917	8.29127613554434	15.85404215162
2374.33906.33908	21.9123505976096	14.7465437788018	18.0246913580247	21.4285714285714	26.4705882352941	18.9655172413793	14.0665471209404	12.1408045977012	17.353033637221
2374.34350.34352	1.47058823529412	2.01612903225806	3.17124735729387	3.57142857142857	1.20481927710843	5.08474576271186	1.9899304723088	1.30373502466526	2.26337448559671
2374.34363.34365	3.63636363636364	4.36507936507936	4.07331975560081	3.15789473684211	3.7037037037037	1.51515151515152	2.05435651478817	1.72656800563777	2.23977494048907
2374.34390.34392	0.816326530612245	2.66159695817491	2.49520153550864	0.87719298245614	2.32558139534884	3.44827586206897	0.54382597568778	0.652212233386215	0.498482878196792
2374.34403.34405	2.35849056603774	2.9535864978903	1.51843817787419	1.92307692307692	0	3.75	4.5075640629824	4.10267661254936	5.77930582842174
2374.34930.34932	1.76991150442478	2.94117647058824	4.39814814814815	4.41176470588235	0	5.55555555555556	3.81443877264823	2.79380160615315	3.38186631369954
2374.34943.34945	2.25225225225225	4.45859872611465	2.17917675544794	1.53846153846154	2.94117647058824	8.21917808219178	1.913258149582	1.78753252630388	2.707533430425
2374.34970.34972	1.15606936416185	0.806451612903226	0.879765395894428	0	0	2	0.989987625154686	0.961538461538462	1.41406094403505
2374.36581.36583	5.60747663551402	2.29885057471264	5.55555555555556	1.89873417721519	6.81818181818182	2.77777777777778	32.8638497652582	6.67037242912729	8.91603053435115
